<?xml version="1.0"?>
<opencv_storage>
<distCoeffs type_id="opencv-matrix">
  <rows>1</rows>
  <cols>5</cols>
  <dt>d</dt>
  <data>
    -1.5261462305346388e-01 2.7549465995236422e+00
    1.4434099136056725e-02 -2.2449911262410580e-03
    -1.1523631793074358e+01</data></distCoeffs>
<cameraMatrix type_id="opencv-matrix">
  <rows>3</rows>
  <cols>3</cols>
  <dt>d</dt>
  <data>
    1.8262586486175421e+03 0. 5.9838039868302599e+02 0.
    1.8105142102935395e+03 4.4912376141868970e+02 0. 0. 1.</data></cameraMatrix>
</opencv_storage>
