<?xml version="1.0"?>
<opencv_storage>
<distCoeffs type_id="opencv-matrix">
  <rows>1</rows>
  <cols>5</cols>
  <dt>d</dt>
  <data>
    -4.1554860173416384e-02 1.1165896484785549e+00
    1.0828150669119230e-02 -4.0532268616513443e-04
    -2.5850907813074300e+00</data></distCoeffs>
<cameraMatrix type_id="opencv-matrix">
  <rows>3</rows>
  <cols>3</cols>
  <dt>d</dt>
  <data>
    1.6979911678002006e+03 0. 6.0355714276744652e+02 0.
    1.6891932277699195e+03 5.0798770448887387e+02 0. 0. 1.</data></cameraMatrix>
</opencv_storage>
